0.25768757687576876 0.32730133752950435 0.36664414405822754
0.3001230012300123 0.47442958300550747 2.667353391647339
0.3031980319803198 0.5476003147128246 4.277752637863159
0.23062730627306274 0.9134539732494099 15.09306788444519
0.503690036900369 0.2690794649881983 17.997971773147583
0.7749077490774908 0.918174665617624 19.442203521728516
0.5596555965559655 0.1848937844217152 21.944982290267944
0.5645756457564576 0.1872541306058222 22.714784145355225
0.1992619926199262 0.46813532651455547 24.43810534477234
0.932349323493235 0.9040125885129819 25.86446785926819
0.932349323493235 0.9040125885129819 26.013448476791382
0.2017220172201722 0.4697088906372935 50.36636519432068
0.2158671586715867 0.6970889063729347 68.91829347610474
0.1986469864698647 0.6955153422501967 128.88715767860413
0.2004920049200492 0.6986624704956726 160.12584233283997
0.1998769987699877 0.6860739575137687 230.56948494911194
0.7078720787207872 0.9158143194335169 233.0021243095398
0.7023370233702337 0.44689221085759245 236.23030591011047
0.7023370233702337 0.44610542879622345 236.8169641494751
0.20848708487084872 0.44217151848937847 241.3581576347351
0.2047970479704797 0.6750590086546027 250.86971020698547
0.2066420664206642 0.6900078678206137 277.69740533828735
0.1961869618696187 0.45397324940991346 279.6111171245575
0.1998769987699877 0.7073170731707317 329.1382279396057
0.1998769987699877 0.7073170731707317 371.3270831108093
0.49384993849938497 0.8221872541306058 396.2886345386505
0.34009840098400984 0.7608182533438238 398.36348509788513
