0.511070110701107 0.3092053501180173 0.9449994564056396
0.2939729397293973 0.48072383949645947 2.1349997520446777
0.2988929889298893 0.5562549173878836 3.4740002155303955
0.2201722017220172 0.9103068450039339 15.479122400283813
0.44772447724477243 0.6797797010228167 18.909119844436646
0.2958179581795818 0.9228953579858379 21.675121068954468
0.17220172201722017 0.5900865460267506 25.016681909561157
0.9544895448954489 0.8914240755310779 26.451677083969116
0.9544895448954489 0.8914240755310779 26.714677333831787
0.7072570725707257 0.911093627065303 34.96623349189758
0.6223862238622386 0.1974822974036192 43.04577708244324
0.7041820418204182 0.8992918961447679 50.577290534973145
0.25953259532595324 0.07553107789142408 52.78229260444641
0.26260762607626076 0.07946498819826908 53.71829009056091
0.2859778597785978 0.07789142407553108 54.64529061317444
0.2859778597785978 0.1007081038552321 55.4692919254303
0.6832718327183271 0.4885916601101495 58.7413284778595
0.29274292742927427 0.10306845003933911 60.45584034919739
0.9391143911439115 0.6797797010228167 64.08784198760986
0.9372693726937269 0.6868607395751377 76.21535849571228
0.9206642066420664 0.43351691581431945 102.09141492843628
0.9341943419434194 0.45397324940991346 179.7866129875183
0.6359163591635917 0.18568056648308418 180.6796097755432
0.9255842558425584 0.5735641227380016 181.6076102256775
0.9298892988929889 0.46105428796223447 188.73821139335632
0.9292742927429274 0.5743509047993706 217.26483273506165
0.9600246002460024 0.5814319433516916 261.37601613998413
0.9440344403444034 0.44846577498033047 286.3766038417816
0.2785977859778598 0.08733280881195908 288.2576057910919
0.26383763837638374 0.07867820613690008 289.5616054534912
0.4797047970479705 0.1943351691581432 290.5506041049957
0.3038130381303813 0.07631785995279308 291.88060426712036
0.4268142681426814 0.3808025177025964 294.77719235420227
0.27490774907749077 0.08025177025963807 295.8617045879364
0.46494464944649444 0.36113296616837137 296.7197034358978
0.2687576875768758 0.06372934697088907 297.5337059497833
0.45448954489544896 0.34618410700236035 298.8457045555115
0.2915129151291513 0.07159716758457907 299.79074883461
0.2779827798277983 0.08969315499606609 300.31575322151184
0.2656826568265683 0.08339889850511409 301.10326170921326
0.27060270602706027 0.06608969315499606 301.53226232528687
0.28843788437884377 0.06530291109362707 301.9522616863251
0.30565805658056583 0.1022816679779701 302.38977813720703
0.3966789667896679 0.26593233674272226 303.27329087257385
0.2945879458794588 0.0967741935483871 304.2882926464081
0.9378843788437884 0.6758457907159717 336.3504099845886
0.6156211562115621 0.1888276947285602 355.1380183696747
0.7103321033210332 0.9000786782061369 359.46201753616333
0.08610086100861009 0.7498033044846577 361.9190182685852
0.1088560885608856 0.7427222659323367 362.8030173778534
0.9477244772447725 0.6868607395751377 365.39302134513855
0.9477244772447725 0.6868607395751377 365.594021320343
0.9477244772447725 0.6868607395751377 365.74302101135254
0.9348093480934809 0.45082612116443743 366.67101788520813
0.9348093480934809 0.45082612116443743 366.9680185317993
0.948339483394834 0.7159716758457907 394.69811034202576
0.4981549815498155 0.8025177025963808 401.91765880584717
0.34317343173431736 0.7513768686073957 403.3956575393677
