0.7742927429274292 0.3131392604248623 1.3820345401763916
0.2822878228782288 0.4940991345397325 3.482069492340088
0.3050430504305043 0.5570416994492525 5.153068542480469
0.7921279212792128 0.925255704169945 11.269844055175781
0.6082410824108241 0.6514555468135327 14.673844337463379
0.940959409594096 0.90558615263572 16.46784806251526
0.940959409594096 0.90558615263572 16.667848110198975
0.6186961869618696 0.6113296616837136 17.64884376525879
0.23062730627306274 0.5680566483084186 18.951849937438965
0.18450184501845018 0.6845003933910306 41.598443269729614
0.1881918819188192 0.7088906372934697 75.34956693649292
0.21525215252152521 0.6608969315499607 149.73774909973145
0.22078720787207873 0.5641227380015735 150.30675220489502
0.7730627306273062 0.9118804091266719 152.38074779510498
0.6519065190651907 0.6766325727773407 154.4717526435852
0.6722017220172202 0.6868607395751377 155.94174766540527
0.21033210332103322 0.44531864673485444 157.63074731826782
0.21033210332103322 0.44531864673485444 209.19138503074646
0.21033210332103322 0.44531864673485444 209.93338346481323
0.7712177121771218 0.9095200629425649 213.41593551635742
0.6303813038130381 0.15735641227380015 215.68994069099426
0.6303813038130381 0.15735641227380015 215.99693417549133
0.21709717097170972 0.44531864673485444 217.51893424987793
0.21709717097170972 0.44531864673485444 218.15793704986572
0.21709717097170972 0.44531864673485444 218.77945184707642
0.5897908979089791 0.6900078678206137 221.65745306015015
0.2078720787207872 0.6805664830841857 267.43173265457153
0.7829028290282903 0.9260424862313139 273.76676297187805
0.5867158671586716 0.2006294256490952 276.5757646560669
0.5873308733087331 0.2045633359559402 277.976318359375
0.22570725707257072 0.5877261998426436 279.70031571388245
0.1992619926199262 0.6703383162863886 280.408319234848
0.1992619926199262 0.6703383162863886 280.5663149356842
0.2017220172201722 0.5696302124311565 291.50382947921753
0.18696186961869618 0.6860739575137687 309.5999319553375
0.1838868388683887 0.7159716758457907 326.4280400276184
0.1992619926199262 0.6797797010228167 352.4951593875885
0.518450184501845 0.8001573564122738 387.75134801864624
0.3505535055350554 0.7490165224232888 388.8623580932617
