0.24661746617466174 0.5483870967741935 1.5569982528686523
0.3025830258302583 0.4437450826121164 3.8405110836029053
0.3081180811808118 0.5389457120377655 5.065514087677002
0.23185731857318573 0.9095200629425649 24.439494848251343
0.498769987699877 0.3422501966955153 29.401047945022583
0.9354243542435424 0.8945712037765539 30.775044441223145
0.9354243542435424 0.8945712037765539 31.28204584121704
0.7601476014760148 0.9158143194335169 32.24404549598694
0.2829028290282903 0.6608969315499607 35.18404531478882
0.2829028290282903 0.6608969315499607 35.71804642677307
0.8960639606396064 0.45397324940991346 37.04004406929016
0.9212792127921279 0.45239968528717545 68.96112179756165
0.9403444034440345 0.6939417781274587 74.94667148590088
0.9403444034440345 0.6923682140047207 119.36687970161438
0.9403444034440345 0.6923682140047207 205.15788984298706
0.9403444034440345 0.6923682140047207 237.57852268218994
0.6955719557195572 0.9032258064516129 289.7466821670532
0.506150061500615 0.6073957513768686 291.54068183898926
0.5006150061500615 0.6129032258064516 292.2666816711426
0.20848708487084872 0.47206923682140045 293.3956801891327
0.20848708487084872 0.4704956726986625 293.7366795539856
0.1968019680196802 0.6829268292682927 294.6736843585968
0.1968019680196802 0.6829268292682927 294.85668301582336
0.1820418204182042 0.6719118804091266 374.53906655311584
0.49384993849938497 0.8001573564122738 407.51078152656555
0.3376383763837638 0.7498033044846577 409.0068051815033
