0.5055350553505535 0.5476003147128246 0.6909992694854736
0.3013530135301353 0.45239968528717545 2.0730299949645996
0.30996309963099633 0.5413060582218725 3.0535500049591064
0.23001230012300122 0.9087332808811959 15.251451969146729
0.2158671586715867 0.4925255704169945 16.949482917785645
0.7884378843788438 0.925255704169945 19.08448076248169
0.7158671586715867 0.1974822974036192 21.359479665756226
0.9526445264452644 0.8906372934697089 22.391480207443237
0.9526445264452644 0.8906372934697089 22.575480937957764
0.7189421894218943 0.1809598741148702 23.433480501174927
0.2158671586715867 0.46734854445318647 24.325481176376343
0.2158671586715867 0.46734854445318647 24.474480390548706
0.3093480934809348 0.925255704169945 30.468992948532104
0.5879458794587946 0.3745082612116444 32.32399368286133
0.7164821648216482 0.18174665617623917 33.12899422645569
0.20848708487084872 0.45239968528717545 61.882174015045166
0.20418204182041821 0.6750590086546027 96.53478765487671
0.18942189421894218 0.6939417781274587 124.91287183761597
0.2220172201722017 0.6939417781274587 166.28557562828064
0.7041820418204182 0.9008654602675059 197.58564496040344
0.4095940959409594 0.13060582218725414 199.47664308547974
0.4095940959409594 0.13060582218725414 199.9316427707672
0.9428044280442804 0.5987411487018096 202.08364462852478
0.9428044280442804 0.5987411487018096 202.38165402412415
0.9354243542435424 0.4767899291896145 233.90027976036072
0.9440344403444034 0.5617623918174666 262.52385330200195
0.9329643296432965 0.47285601888276946 302.8370289802551
0.6722017220172202 0.1998426435877262 341.4619312286377
0.9452644526445264 0.6876475216365067 342.69593024253845
0.5 0.8048780487804879 403.0575428009033
0.34317343173431736 0.7576711250983478 405.58656764030457
