0.7601476014760148 0.5609756097560976 1.1885571479797363
0.2976629766297663 0.46026750590086546 2.5462229251861572
0.3019680196801968 0.5625491738788355 3.534266948699951
0.23308733087330874 0.9000786782061369 10.010154247283936
0.6088560885608856 0.42643587726199844 12.03915810585022
0.2939729397293973 0.9103068450039339 13.37015700340271
0.43419434194341944 0.4295830055074744 14.699766397476196
0.955719557195572 0.9079464988198269 15.950768947601318
0.955719557195572 0.9079464988198269 16.388770580291748
0.6992619926199262 0.9244689221085759 27.33712887763977
0.5627306273062731 0.4303697875688434 29.08502745628357
0.6303813038130381 0.9166011014948859 32.75160360336304
0.3683886838868389 0.4358772619984264 34.02105236053467
0.3671586715867159 0.42722265932336745 36.08523631095886
0.948339483394834 0.5704169944925256 37.870402097702026
0.8966789667896679 0.45712037765538943 43.60224223136902
0.9341943419434194 0.45082612116443743 49.10650563240051
0.9108241082410824 0.5664830841856806 135.7802882194519
0.5596555965559655 0.4107002360346184 146.03622245788574
0.9440344403444034 0.6058221872541306 151.051575422287
0.9440344403444034 0.6058221872541306 151.06757426261902
0.9514145141451414 0.5995279307631786 165.31332206726074
0.9440344403444034 0.46813532651455547 189.28971457481384
0.9440344403444034 0.46813532651455547 190.2086215019226
0.9366543665436654 0.5727773406766326 233.13015270233154
0.9329643296432965 0.45712037765538943 267.2565140724182
0.7091020910209103 0.912667191188041 268.4648370742798
0.6125461254612546 0.3682140047206924 269.9167478084564
0.6156211562115621 0.34618410700236035 271.1419985294342
0.2201722017220172 0.6837136113296617 272.6827540397644
0.2201722017220172 0.6837136113296617 273.16377806663513
0.2017220172201722 0.4634146341463415 274.1790466308594
0.2017220172201722 0.4634146341463415 307.5998980998993
0.19557195571955718 0.6915814319433516 339.93830275535583
0.5123001230012301 0.8103855232100708 376.83974409103394
0.34440344403444034 0.7592446892210858 379.07960391044617
