0.24415744157441574 0.3139260424862313 0.3489983081817627
0.3019680196801968 0.43194335169158143 2.0560004711151123
0.3038130381303813 0.5523210070810386 4.26099967956543
0.24169741697416974 0.9228953579858379 14.517136812210083
0.26814268142681424 0.4901652242328875 15.724139213562012
0.3001230012300123 0.8969315499606609 16.809139251708984
0.7460024600246002 0.48701809598741147 17.78913640975952
0.949569495694957 0.9071597167584579 18.66413974761963
0.9489544895448955 0.9079464988198269 19.14513921737671
0.7829028290282903 0.912667191188041 20.16913676261902
0.5824108241082411 0.4815106215578285 22.47113609313965
0.5824108241082411 0.4815106215578285 22.724136352539062
0.2078720787207872 0.45712037765538943 23.50313639640808
0.2078720787207872 0.45948072383949645 49.69619274139404
0.21463714637146372 0.6852871754523997 68.13072180747986
0.21463714637146372 0.6852871754523997 108.60491633415222
0.21463714637146372 0.6852871754523997 150.2135570049286
0.7324723247232472 0.45082612116443743 163.0825901031494
0.1943419434194342 0.6837136113296617 164.0445854663849
0.1943419434194342 0.6837136113296617 164.19358587265015
0.1943419434194342 0.6829268292682927 208.27716088294983
0.577490774907749 0.47364280094413846 209.82267880439758
0.18511685116851168 0.6750590086546027 245.69484639167786
0.7109471094710947 0.90558615263572 260.03692293167114
0.6445264452644527 0.5672698662470496 261.1069190502167
0.6445264452644527 0.5672698662470496 265.7819519042969
0.15867158671586715 0.44689221085759245 267.6609528064728
0.2091020910209102 0.6797797010228167 269.40195536613464
0.2091020910209102 0.6797797010228167 269.6819519996643
0.1968019680196802 0.46656176239181746 302.2126157283783
0.21033210332103322 0.6892210857592447 344.2411787509918
0.21033210332103322 0.6892210857592447 378.41047191619873
0.498769987699877 0.8253343823760818 384.07798409461975
0.34501845018450183 0.7647521636506688 385.44298553466797
