0.4956949569495695 0.3107789142407553 0.7870001792907715
0.2982779827798278 0.4689221085759245 1.915999174118042
0.29704797047970477 0.5515342250196695 3.1149988174438477
0.23308733087330874 0.9284028324154209 10.439215898513794
0.5362853628536285 0.3831628638867034 13.011220216751099
0.9514145141451414 0.8969315499606609 14.333216428756714
0.9514145141451414 0.8969315499606609 14.473215818405151
0.3019680196801968 0.9047993705743509 16.004215717315674
0.2890528905289053 0.9173878835562549 17.264219284057617
0.48031980319803197 0.5594020456333596 18.909215450286865
0.6414514145141451 0.9244689221085759 25.018250226974487
0.45633456334563344 0.38630999213217937 27.099246978759766
0.46002460024600245 0.38630999213217937 33.87576699256897
0.9403444034440345 0.5499606608969315 34.95776677131653
0.942189421894219 0.4618410700236035 37.46876645088196
0.9348093480934809 0.46656176239181746 51.16687870025635
0.9372693726937269 0.5727773406766326 142.08177089691162
0.7140221402214022 0.9260424862313139 156.60982966423035
0.501230012300123 0.28481510621557826 158.24334144592285
0.4446494464944649 0.3619197482297404 207.34295082092285
0.9434194341943419 0.45318646734854445 219.8390302658081
0.4956949569495695 0.26514555468135326 224.95802974700928
0.9286592865928659 0.6986624704956726 227.58303093910217
0.9268142681426814 0.4500393391030684 234.76665949821472
0.9428044280442804 0.6829268292682927 238.1526608467102
0.9341943419434194 0.47285601888276946 274.83526134490967
0.45387453874538747 0.3288749016522423 331.3390738964081
0.9268142681426814 0.45318646734854445 335.44207286834717
0.4969249692496925 0.23131392604248624 350.8461956977844
0.9391143911439115 0.6845003933910306 374.35533833503723
0.496309963099631 0.8040912667191188 416.00750184059143
0.3456334563345633 0.7403619197482297 417.14549803733826
