0.7847478474784748 0.3060582218725413 0.786998987197876
0.2859778597785978 0.4854445318646735 2.072997808456421
0.3050430504305043 0.5656963021243115 3.0878779888153076
0.23124231242312424 0.9134539732494099 8.067316770553589
0.2835178351783518 0.49331235247836347 10.053416013717651
0.9280442804428044 0.9008654602675059 10.972733974456787
0.9501845018450185 0.9173878835562549 11.847279787063599
0.7638376383763837 0.8961447678992919 24.535731554031372
0.7269372693726938 0.3988985051140834 25.935968160629272
0.7269372693726938 0.3988985051140834 26.58296799659729
0.2115621156211562 0.46577498033044845 27.59837293624878
0.22078720787207873 0.46813532651455547 82.07925319671631
0.21648216482164823 0.7143981117230527 83.74134135246277
0.21648216482164823 0.7143981117230527 83.94232630729675
0.18081180811808117 0.6616837136113297 110.9813859462738
0.2109471094710947 0.6774193548387096 147.75162935256958
0.7084870848708487 0.898505114083399 187.81116223335266
0.5116851168511685 0.27065302911093625 188.80874061584473
0.5116851168511685 0.27065302911093625 189.53475189208984
0.1863468634686347 0.44531864673485444 191.25031042099
0.2029520295202952 0.5656963021243115 193.15743231773376
0.2029520295202952 0.5656963021243115 193.5334403514862
0.2158671586715867 0.5656963021243115 239.18506908416748
0.20602706027060272 0.48701809598741147 273.5313289165497
0.6881918819188192 0.4107002360346184 274.8263773918152
0.2109471094710947 0.6931549960660897 303.57192063331604
0.511070110701107 0.8001573564122738 365.3592734336853
0.35239852398523985 0.7678992918961448 366.62789702415466
