0.23862238622386223 0.5468135326514555 0.9800443649291992
0.2952029520295203 0.42486231313926043 2.1520473957061768
0.3068880688806888 0.5468135326514555 3.0360565185546875
0.23677736777367775 0.9228953579858379 11.585131883621216
0.31857318573185733 0.5633359559402046 13.213130712509155
0.3068880688806888 0.8929976396538158 14.097127437591553
0.5897908979089791 0.27930763178599527 15.295701265335083
0.9403444034440345 0.8859166011014948 16.03066921234131
0.9403444034440345 0.8859166011014948 16.18767237663269
0.7699876998769988 0.90558615263572 17.52670669555664
0.5738007380073801 0.4217151848937844 18.550211191177368
0.5738007380073801 0.4217151848937844 18.75221300125122
0.2054120541205412 0.4287962234461054 20.152101039886475
0.20418204182041821 0.4295830055074744 55.087714433670044
0.1980319803198032 0.6734854445318647 125.72709631919861
0.1980319803198032 0.6734854445318647 125.90215539932251
0.568880688806888 0.26278520849724624 126.9701611995697
0.18327183271832717 0.4437450826121164 127.66124105453491
0.18327183271832717 0.4437450826121164 127.83621883392334
0.2047970479704797 0.6892210857592447 133.33951449394226
0.2047970479704797 0.6892210857592447 133.48050808906555
0.5817958179581796 0.4028324154209284 134.731543302536
0.1974169741697417 0.6726986624704957 181.61626267433167
0.2035670356703567 0.6797797010228167 247.86546993255615
0.6961869618696187 0.9134539732494099 249.0885853767395
0.7558425584255842 0.5059008654602675 250.16572427749634
0.7570725707257072 0.5051140833988985 251.230788230896
0.21279212792127922 0.4563335955940205 252.17681169509888
0.1906519065190652 0.6742722265932337 253.12379264831543
0.1906519065190652 0.6742722265932337 253.62139701843262
0.1961869618696187 0.4925255704169945 269.20111989974976
0.2177121771217712 0.6742722265932337 318.8326025009155
0.2177121771217712 0.6742722265932337 355.0283901691437
0.5067650676506765 0.8111723052714398 376.80672121047974
0.3419434194341943 0.7560975609756098 378.53136801719666
